Input File: LargeRandom.txt


BubbleSort Before: 

47 6 91 30 71 51 7 2 94 49 
30 24 85 55 57 41 67 77 32 9 
45 40 27 24 38 39 19 83 30 42 
34 16 40 59 5 31 78 7 74 87 
22 46 25 73 71 30 78 74 98 13 
BubbleSort After: 

2 5 6 7 7 9 13 16 19 22 
24 24 25 27 30 30 30 30 31 32 
34 38 39 40 40 41 42 45 46 47 
49 51 55 57 59 67 71 71 73 74 
74 77 78 78 83 85 87 91 94 98 
Comparisons: 1225
Swaps: 581


InsertionSort Before: 

47 6 91 30 71 51 7 2 94 49 
30 24 85 55 57 41 67 77 32 9 
45 40 27 24 38 39 19 83 30 42 
34 16 40 59 5 31 78 7 74 87 
22 46 25 73 71 30 78 74 98 13 
Insertion Sort After: 

Comparisons: 0
Swaps:0

 
